1335.542773
1274.232813
1210.397850
1157.777457
1112.470684
1067.629285
1031.419669
991.234868
957.329353
927.817117
903.822187
878.509821
855.940926
834.739410
813.143820
792.541129
776.092659
761.227213
749.053453
735.835016
721.776277
712.742258
703.823394
693.774492
683.295234
673.540019
666.458884
657.953051
650.605575
644.326159
637.749038
632.340904
626.049028
621.421619
615.911678
611.728496
606.873010
602.534339
598.435759
595.107765
591.496881
588.532246
585.643142
583.444889
581.176740
578.555446
576.489872
575.201355
572.922508
570.649783
568.895029
567.673316
566.367593
565.143327
563.312141
562.230941
561.574353
560.157664
559.712546
559.089207
558.958357
558.840331
558.682226
558.453263
557.835572
557.799209
557.375428
557.345599
556.955813
556.856575
556.460981
556.452462
556.404367
556.326058
556.326058
556.296136
556.296136
556.236197
556.236197
556.188888
555.976905
555.957123
555.743488
555.489142
555.200225
554.852084
554.294479
554.152945
553.657918
553.497012
553.299072
553.298724
553.160812
552.894248
552.871792
552.871792
552.718904
552.704615
552.645650
552.631362
552.409917
552.409569
552.357209
552.357209
552.357209
552.357209
552.357209
552.357209
552.357209
552.357209
552.357209
552.357209
552.342920
552.342920
552.342920
552.342920
552.214411
552.213625
552.123048
552.027477
552.027477
552.027477
552.027477
552.027477
552.027477
551.850646
551.847344
551.672424
551.411150
551.242291
551.242291
551.024711
551.019569
550.756763
550.756763
550.603835
550.603835
550.603835
550.603835
550.603835
550.603835
550.603835
550.603835
550.603835
550.603835
550.603835
550.603835
550.603835
550.581309
550.581309
550.581309
550.581309
550.581309
550.382049
550.382049
550.382049
550.364164
550.364164
550.268728
550.268728
550.268728
550.268728
550.268728
550.268728
550.268728
550.268728
550.268728
550.268728
550.268728
550.268728
550.268728
550.268728
550.268728
550.268728
550.268728
550.206718
550.206718
550.206718
550.206718
550.206718
550.206718
550.206718
550.206718
550.206718
550.206718
550.206718
550.206718
550.206718
550.206718
550.206718
550.206718
550.206718
550.206718
550.206718
550.206718
550.206718
550.206718
550.206718
550.025387
550.025387
