1346.002509
1263.140198
1193.697494
1136.824888
1090.075578
1048.911217
1010.051194
975.789697
947.114419
920.228944
891.722679
869.992738
841.763901
827.254685
801.826827
786.337071
770.709911
753.041859
737.673880
725.912371
713.855844
702.824296
692.855259
683.210056
674.023408
665.813264
656.992574
648.706112
642.210323
635.575109
628.742109
622.670669
617.277410
611.758849
605.801264
601.021587
597.467340
592.691856
587.753197
583.224659
578.502711
575.121390
572.041491
567.812417
564.879205
561.778324
559.838108
556.641061
554.170154
552.871848
550.727905
549.049298
546.900186
544.531786
542.410142
541.629496
540.034208
538.938547
537.571164
536.547136
534.397722
534.025836
532.381972
531.912757
530.887796
529.543990
527.998178
527.303680
526.725756
526.055669
525.621555
524.734848
524.164464
523.358405
522.810280
522.041879
522.041879
521.729219
521.499542
521.426190
521.205455
521.045930
521.045930
520.901598
520.380299
520.092641
520.092611
519.971564
519.936232
519.591172
519.586042
519.586042
519.560243
519.550674
519.435630
519.371097
519.326187
519.174862
519.044758
518.900726
518.486825
518.255084
517.794148
517.779859
517.594816
517.567795
517.532501
517.204683
516.848774
516.384121
515.908240
515.586708
515.393202
515.193742
515.185832
515.145522
514.738575
514.738575
514.725933
514.725933
514.708478
514.618827
514.618827
514.488029
514.488029
514.440800
514.403634
514.403634
514.403634
514.403634
514.380028
514.380028
514.117001
513.800106
513.800106
513.775455
513.596328
513.519874
513.519874
513.470367
513.113305
513.113305
513.078561
512.921554
512.921554
512.902399
512.902399
512.397912
512.318574
512.290554
511.946098
511.915056
511.474060
511.385788
510.755880
510.755880
510.614132
510.562394
510.451119
510.447521
510.276476
510.113605
510.071631
509.916084
509.916084
509.839393
509.787889
509.787889
509.431962
509.431962
509.403550
508.975650
508.975650
508.746141
508.746141
508.718713
508.521598
508.502493
508.502493
508.496663
507.979208
507.878502
507.563180
507.323894
507.244540
507.244540
507.244540
507.218032
507.218032
507.218032
507.218032
507.218032
507.113010
507.113010
507.113010
507.113010
507.109325
507.109325
507.068874
507.068874
