1348.510157
1278.197902
1234.915041
1189.099872
1152.684187
1113.874336
1074.051482
1043.802912
1015.383579
988.202018
960.285622
934.177658
910.969628
895.304255
871.109542
856.481969
836.663088
820.111761
805.456680
789.442103
777.323796
764.057972
755.285962
744.877461
735.491573
727.208042
718.454215
711.388248
702.779397
695.284660
689.404699
682.832946
675.543085
669.420376
663.903187
658.251413
653.202689
648.974191
644.595507
640.627511
636.364755
632.426517
629.204479
624.793088
621.761242
618.243926
614.961604
612.299546
608.644989
606.029569
603.831664
601.306492
598.356814
596.220442
593.169996
591.440643
589.565559
587.194099
585.662132
584.632484
582.941640
581.770370
581.064007
580.370385
579.806404
578.866972
578.110959
577.593164
576.738072
576.042978
575.349127
575.215159
574.372567
574.051830
573.065484
573.036938
572.742688
572.265036
572.194712
571.877308
571.699091
571.185284
570.914141
570.576716
569.579661
569.272213
568.572804
568.017561
567.867258
567.608196
567.130448
566.722826
566.682297
566.539239
566.413224
566.034769
565.581513
565.474685
565.406082
565.193964
565.134149
564.633446
564.614341
564.366320
564.307203
564.253919
564.070988
563.959733
563.828697
563.724671
563.608179
563.566008
563.557326
562.988840
562.988840
562.965580
562.965580
562.965580
562.878438
562.878438
562.772621
562.772621
562.772621
562.664178
562.644437
562.622059
562.622059
562.460662
562.460662
562.428105
562.428105
562.383075
562.383075
562.029848
562.017811
561.922972
561.922972
561.828785
561.828785
561.372494
561.243085
561.153514
561.097422
561.078090
560.729265
560.664803
560.598745
560.523068
560.523068
560.523068
560.523068
560.438185
560.438185
560.438185
560.438185
560.438185
560.351905
560.351905
560.351905
560.351905
560.324862
560.313317
560.313317
560.240985
560.240985
560.063075
560.063075
560.058218
559.548149
559.415675
559.381944
559.381944
559.381944
559.381944
559.313915
559.313915
559.296216
559.291675
559.291675
559.184213
558.752385
558.752385
558.661885
558.661885
558.660139
558.660139
558.612252
558.612252
558.585621
558.585621
558.585621
558.585621
558.520348
558.520348
558.437302
558.356929
558.356929
558.163285
558.163285
558.013442
